865
15516
15117
15518
11115619
157111)
158111
159 1 12
1651 1
16614
16715
’Ξ ’Ξ
ἓξὲξ
τέξιὲ
171 1 12
1›Ι176Ι14
177 1 15
18111
1821 5
18516
1851 8
1861 9
187 | 10
ὺ1188111
Ξ Ξ. .
Ξ ἒ 8'
εδιμὲ
δη--ιςἒὲἓ
191 | 11
1951 1
19515
ὺ119611
19715
19816
19917
ι302 1 10
205 | 11
207 | 15
’ἕξει
έὲιὲ
Ξ
Ὀει..

11115215
b1160115
161 1 11
162 1 15
b11011 2
1'65 Ι 5
b116816
16917
17018
Si:
17119
b1172|10
1731 11
175 1 15
17811
17912
b11801?)
13118117
189 1 12
._. ._.esas
190 l 15
111192115
19112
b120018
20119
111201112
205 | 15
205 1 11
17120811
0
ﬂsi'3
